"1","2","3","4","5"
0.286900121477355,0.00366332363877786,0.00112414438901843,0.482049360445268,0.226263050049581
0.00120895118056744,0.000477724838126712,0.989011755032608,0.00132917138886489,0.00797239755983351
0.14234837840098,0.00161006786756928,0.172768836531919,0.499929725610955,0.183342991588577
0.929285077324893,0.0012499487783383,0.000392539462047451,0.0130084644747766,0.0560639699599449
0.0125793327344676,0.427713768602184,0.000768735140316065,0.065978848493784,0.492959315029249
0.0300414049456164,5.68124083729496e-05,0.856292824962972,0.0969675156698665,0.0166414420131719
0.134336515934826,0.000782664490249516,0.0287700321666488,0.719721343888089,0.116389443520187
0.143457733304794,0.235776751986869,0.0014023332583063,0.018079138040171,0.601284043409859
0.105157061337271,0.577666809435069,0.000413087614380101,0.0065431933807156,0.310219848232564
0.458622500233207,0.00219031587030105,0.233369913899985,0.120421272900027,0.18539599709648
0.000234387795518879,0.949917697561865,8.82920309223574e-05,0.000113294010448691,0.0496463286012453
0.00474588477874345,1.13199349846114e-05,0.000125025200283687,0.988418481867982,0.0066992882180065
0.000698637750316091,0.899248855849098,0.000171863347736744,0.000435415458971263,0.0994452275938781
0.000376490707012774,0.932911650215595,0.000130032105957599,0.000196147019410402,0.0663856799520241
0.0127987142474972,0.47898610275601,0.00099281452764989,0.00659821882815603,0.500624149640687
0.00631220467525219,0.0103028512956621,0.819124740097393,0.014480553997957,0.149779649933735
0.00347354079695879,0.601835151190239,0.0984076342153549,0.00260731874351021,0.293676355053937
0.0122108820042412,0.0390605100269696,0.420872688782024,0.220948846082367,0.306907073104399
0.0666547816259046,0.0588776787727288,0.00143473573829571,0.0933982163635249,0.779634587499546
0.220762994700534,0.00057781130784264,0.00050437283237026,0.68679554957171,0.0913592715875434
0.659395921001182,2.66228998946404e-05,0.000379218970636924,0.321929719205018,0.0182685179232681
0.542479411680317,0.00476729100885061,0.00135198991647696,0.200157637515492,0.251243669878863
0.0023514078310237,0.00173752337417498,0.971143709371206,0.00271302744910709,0.0220543319744882
0.288884002827184,0.00753774402840623,0.00201904396042343,0.319431694548166,0.38212751463582
0.29010187542267,0.00403649863454498,0.0531401649532063,0.368318791183769,0.28440266980581
0.000495259909506915,0.0204213772484798,0.952831688689946,0.000429993217180236,0.0258216809348871
0.000125254872661554,0.962552793375047,4.27561379670968e-05,6.2080429567023e-05,0.0372171151847577
0.00166344387561112,0.815155821945809,0.000370034383911987,0.00127722130275701,0.181533478491911
0.779170034898484,0.00248581119716863,0.000599588459836353,0.0814803334831225,0.136264231961388
0.199943461714121,0.000626581468171204,0.00092503504837465,0.707311211995961,0.0911937097733726
0.000294214509926746,0.931011639091496,8.03434138706766e-05,0.000178339656972056,0.0684354633277345
0.000378238231884672,0.933257055133578,0.00012758862906763,0.000194082643665543,0.066043035361804
0.0190749340155481,0.00512133760248159,0.321594962730499,0.424395962086761,0.229812803564711
0.132430070422527,2.00046725182498e-05,0.000394538128187924,0.851171747288109,0.0159836394886578
0.434270814091961,2.09752761767284e-05,0.000420230924401589,0.547521122763098,0.0177668569443635
0.729964403161428,0.00080071861143575,0.000630968798305746,0.179568509863252,0.0890353995655784
0.020068095737205,0.00144382193056332,0.226933378895374,0.624462978773739,0.127091724663119
0.000205843957662539,0.95468701811133,8.45115900066302e-05,9.48062981531688e-05,0.0449278200428477
0.140918369718127,0.00268725528643434,0.000983468778155196,0.675707633842928,0.179703272374355
0.00214643564792937,0.800581445834618,0.000405366052301566,0.0019118895037595,0.194954862961391
0.742373780736716,8.29511219329649e-05,0.000480087288879448,0.227342717216047,0.0297204636364238
0.169006217366388,1.93842092490394e-05,0.000366846106935854,0.814431994808606,0.0161755575088211
3.28610734404556e-05,0.984352285227488,2.37954037813708e-05,1.25723299049366e-05,0.0155784859653852
6.4131365859447e-05,0.976864188838481,3.57529131177718e-05,2.64270792095439e-05,0.0230094998033319
3.29199042992777e-05,0.984317448397849,2.31064299915525e-05,1.26410787779817e-05,0.0156138841890822
0.00823504953581798,0.000414511562368582,0.852477041961697,0.102587777973174,0.0362856189669423
0.447656924066804,0.000393772937422207,0.000593517322085958,0.476724058753938,0.0746317269197498
0.160016551468552,0.0083176794258305,0.00146903143823169,0.430653691865055,0.399543045802331
0.000191866661564303,0.642153514847949,0.308229479558007,9.95768025450025e-05,0.0493255621299349
0.371064010510973,0.00181289681628434,0.540816139872968,0.00594199293017213,0.0803649598696019
0.157649403454158,0.000167782741653819,0.81268598842691,0.0100859616213308,0.0194108637559476
0.975966692433303,8.79047871093799e-05,0.000216814156246842,0.0110148740322378,0.0127137145911026
0.112064568982823,0.134517941713492,0.23888203362412,0.0217846193028262,0.492750836376739
0.453124706728119,0.000144143636772678,0.000538531399833649,0.501187347222626,0.0450052710126485
0.000251739672611595,0.947900975005104,8.8900141521119e-05,0.000121430588488863,0.0516369545922744
0.000615045077839481,0.90602642496812,0.000176316070740892,0.000359794573335451,0.092822419309964
0.932912092599499,0.0013353115226072,0.000436563363164501,0.0113531899868456,0.0539628425278841
0.0885249648922153,0.800140229671925,8.45731861949418e-05,0.000867847956346885,0.110382384293318
0.0466396107012388,0.00628202243794427,0.812136298691161,0.0105033911751495,0.124438676994506
0.00120154159823572,0.000644595412618015,0.987662941946455,0.00125592483235707,0.00923499621033428
0.288101081269033,0.000792187497369063,0.000977224158844635,0.604204294933487,0.105925212141266
0.000783528666023292,0.000647576892526688,0.989493131430766,0.00090783084880238,0.00816793216188206
0.00576152940836355,0.553408727201642,0.00103490488078688,0.00882601083850592,0.430968827670702
0.0466528821112422,2.11315522155522e-05,0.161753726219786,0.773072904768139,0.0184993553486164
0.136208003404716,0.0838526253342565,0.00255430121743485,0.0282609587330354,0.749124111310557
0.320267458177182,0.00236024249385581,0.11319840035091,0.346229275315642,0.21794462366241
0.32883212803189,1.29106713397997e-05,0.0003998883175545,0.656673887957406,0.0140811850218098
0.445246710304626,0.000124913618662969,0.0780690339781364,0.423849885580594,0.0527094565179809
0.000779157914862325,0.894723215533785,0.000191413256781238,0.00043763939405479,0.103868573900517
0.0928035933342069,0.0011041185111945,0.00073141116051982,0.793183512496056,0.112177364498023
0.00912946659051124,0.581833362837301,0.00101884072882166,0.00525035676789458,0.402767973075471
0.000197527748161804,0.95640131559456,9.86438323123461e-05,8.84386271239133e-05,0.0432140741978422
0.000120242968787561,0.966846543834763,6.13215825362278e-05,5.23056985956743e-05,0.0329195859153175
0.00577867790652986,0.551732521173166,0.000867602209608098,0.00709609256725703,0.43452510614344
0.268798797104231,0.0153728100555071,0.36619174355475,0.0167522000738389,0.332884449211673
0.394057609977041,0.00682253269143082,0.000525092884144775,0.4267627534997,0.171832010947684
0.0338283775032591,0.0369655142642891,0.000774262015347872,0.0941421612659581,0.834289684951146
0.000952608532619023,0.875198135491543,0.000232444267444926,0.000598394661768219,0.123018417046625
0.0337538490636162,0.567577812006915,0.000513429217159662,0.00462702254854679,0.393527887163762
0.0102871917015514,0.586634258381249,0.00064219697038995,0.00395760951121439,0.398478743435596
0.247026518300354,0.0120593819488451,0.00107793358301917,0.366713375573083,0.373122790594699
2.02640626578478e-05,0.988103772932519,1.63897617396502e-05,7.46419689700764e-06,0.0118521090461864
0.181070856330247,0.575572091147714,0.000262435753063006,0.00365138875040009,0.239443228018576
0.00879340258203812,0.000159865970849976,0.246484555046347,0.707328824803919,0.0372333515968454
0.0270373133790396,0.000174702722047311,0.354322988285029,0.573123635197147,0.0453413604167377
0.0303432175364967,0.00462220622640098,0.374160636281533,0.358875514473181,0.231998425482389
0.161629593507289,0.00822042458834064,0.33942906210965,0.104061236204656,0.386659683590064
0.0100386666752684,0.00016738257628484,0.000321508096176789,0.95968038042351,0.0297920622287602
0.00110077034146389,0.000786137978638378,0.986571678579121,0.00131389742314265,0.0102275156776347
0.00112927730441633,0.000812123710369191,0.98604857373508,0.00137352332065509,0.0106365019294798
0.319573148774239,0.000141783518987784,0.000459695461761236,0.63483944604581,0.0449859261992014
0.000165075455002484,0.959349233515207,6.52582234963019e-05,7.61874531128986e-05,0.0403442453531815
0.462830405231749,0.00309690621990838,0.0010700500700682,0.310763615949028,0.222239022529247
0.014926222576503,0.136055165028609,0.0021040179132768,0.0154171302883872,0.831497464193224
0.280473007000223,0.0432747542073632,0.00106005456125947,0.215637098064271,0.459555086166883
0.119409381533081,0.00506517855050018,0.721335795078649,0.0180827776954324,0.136106867142337
0.0467365894312085,0.212294813647258,0.00197157871942666,0.0230874192793704,0.715909598922737
0.256041168353944,2.31965345377659e-05,0.388990715826295,0.3335335047789,0.0214114145063223
0.397444348417008,4.12174222106042e-05,0.000417314735752586,0.577453883764983,0.0246432356600457
0.157305562227279,0.000427194600876524,0.495806892663974,0.26832639944671,0.0781339510611601
0.0308083643696438,0.0332869301062648,0.00106044907513501,0.49923925045751,0.435605005991446
0.000596622009500861,0.878779326846982,0.00017457774612308,0.000430574106025498,0.120018899291369
0.00124511590858887,0.833454931802454,0.0002820964760003,0.000899066415558088,0.164118789397399
0.186733901688817,0.00278745499738235,0.655273883957457,0.0343746437472697,0.120830115609073
0.571066215557071,0.00392620733946242,0.261435426888399,0.0163901207293521,0.147182029485716
0.185187564197894,7.18016887233979e-05,0.796457735938152,0.00661117372255169,0.0116717244526787
0.377476728602539,0.00049113578512784,0.564978533946644,0.0144981405588389,0.0425554611068501
0.301305665653069,0.000615796577105762,0.118827108448392,0.462051091358456,0.117200337962977
0.977232136432392,0.000125186979246108,0.000166747667044833,0.0084887467673217,0.0139871821539951
0.0183802615885836,6.88117618520167e-05,0.187790429463216,0.765614454840826,0.0281460423455221
0.0131430790070986,0.0129794477440694,0.00119684318078075,0.223258063816503,0.749422566251548
0.00364111400686627,0.0166405332065746,0.870629870950861,0.00511804286212923,0.103970438973568
0.0175278358083024,0.490570822208531,0.00114973720837224,0.00987800696014736,0.480873597814647
0.669491491294275,5.32457749841775e-05,0.262074843540725,0.0473921184397297,0.0209883009502866
0.0196595664710317,0.000196424818515222,0.00042864046618982,0.943254039928606,0.0364613283156574
0.0256607434621413,0.0291551314597416,0.36598596845538,0.133084919521297,0.44611323710144
0.18804426609816,0.028070164922661,0.129770875004524,0.154251514636546,0.499863179338108
0.00371643138833395,0.336137746329686,0.0671243356833649,0.00472603393189547,0.58829545266672
0.0181204722499299,0.034269944710663,0.127459238260557,0.214744480558444,0.605405864220405
0.0181204722499299,0.034269944710663,0.127459238260557,0.214744480558444,0.605405864220405
0.00907436116811877,0.453112075837534,0.00148440520102111,0.00900827464026483,0.527320883153061
0.35195262969905,0.00798923086234214,0.307076677567235,0.0373409793628498,0.295640482508523
0.0901128426663963,0.0258347064473415,0.000674275396255651,0.611753348493415,0.271624826996592
0.391477534011214,0.00400790766113988,0.00132105874110125,0.359322926637161,0.243870572949384
0.0180561223996392,0.399335242393956,0.0014469036138457,0.0238764859375897,0.557285245654969
5.57626173311537e-05,0.978817006662072,3.81968706955268e-05,2.22976157973487e-05,0.0210667362341039
5.99401196920637e-05,0.977873690002465,3.62988216453263e-05,2.43023339071914e-05,0.0220057687222903
6.44087512755267e-05,0.976962859922489,4.15606424650843e-05,2.61957739222433e-05,0.0229049749098482
4.5479771276013e-05,0.981185035756227,3.45827599429553e-05,1.7779201537713e-05,0.0187171225110168
0.245093272264294,0.0344035684950526,0.00272056291373118,0.0235277731630033,0.694254823163919
0.0475487119733623,0.237187497358615,0.00237437433696358,0.0167072344250573,0.696182181906002
3.98137746732491e-05,0.98246861850255,2.78477008624669e-05,1.55945785844772e-05,0.0174481254433296
0.0155061188259116,0.196717041759561,0.00216114948643125,0.018535959255543,0.767079730672554
0.434916690207734,1.17094012943181e-05,0.000267102054358533,0.55167247398773,0.0131320243488832
0.495281399952136,7.81779966207274e-05,0.000457296918307359,0.470999524374482,0.0331836007584535
0.194054569076277,0.0412037958418109,0.00114914925256108,0.169102131973406,0.594490353855945
0.0263074748393626,0.590806911324132,0.000420107011751222,0.0075436146578147,0.37492189216694
6.03497297710297e-05,0.977745938787171,3.67018676078008e-05,2.44828905596058e-05,0.0221325267248905
0.0018482465656299,0.790938326161496,0.000398033012701242,0.00141160080117247,0.205403793459001
0.8604636479874,3.38054059629208e-05,0.000377282914405344,0.122908646300387,0.0162166173918439
0.0027211704322613,0.728942450895778,0.000427325774539216,0.00204498530251243,0.265864067594909
0.00108000700720464,0.869383321181756,0.000228995750839892,0.00063444262784166,0.128673233432358
0.54271122855394,0.000180312397565675,0.000441599954568113,0.4072058828719,0.0494609762220264
0.513168208414148,2.40398244601791e-05,0.00868519118708624,0.456262126574306,0.0218604339999994
0.301419674106687,0.144928098811982,0.0950233046928141,0.16502421091536,0.293604711473157
0.000521376616507342,0.912514799027758,0.000132535076068167,0.000298672205764275,0.0865326170739025
4.9960742204675e-05,0.980066445244648,3.40604094280547e-05,1.98681494243445e-05,0.0198296654542951
0.290655464920161,0.00489724330522375,0.318271524572989,0.109162596309182,0.277013170892443
0.0519168499676301,0.0438751155865367,0.115628007559782,0.0514129928128358,0.737167034073215
0.000308715990334016,0.938359818375706,9.15767495057337e-05,0.000163623126631974,0.0610762657578221
0.499387759057327,4.1207679247235e-05,0.000416671166119365,0.475942321717615,0.0242120403796914
0.573914314896181,0.00789947991795942,0.00133819728923979,0.0963135979743004,0.320534409922319
0.101131858046468,0.000583308224111698,0.782188336963486,0.0592602396848372,0.0568362570810968
0.173576932094179,0.00830442251093741,0.00231923419442867,0.397344571348185,0.41845483985227
0.179014359573023,0.00668199677609899,0.00160819195733166,0.46861619757897,0.344079254114576
0.00191175310803731,0.00229675157485002,0.972831498491312,0.00225984008456405,0.0207001567412362
0.00449083302060872,0.000809329451493335,0.953078355222903,0.0149473230851116,0.0266741592198831
0.391741993421314,0.000319898437615497,0.000649344625239835,0.539758571325862,0.067530192189968
0.145564665738242,0.0205430511648172,0.00184113936364991,0.0325969991429063,0.799454144590385
0.000417642870599154,0.414651508486779,0.516309706428648,0.000255711313054662,0.0683654309009184
0.00507559850933388,6.68169552254255e-06,9.58036151957322e-05,0.98963587236699,0.00518604381295775
7.80257349011643e-05,0.872659803452514,0.095065661393701,3.53736689048861e-05,0.0321611357499789
6.88055572731882e-05,0.976173198972546,4.24205477895445e-05,2.79673368386572e-05,0.0236876075855526
0.000135013068360018,0.963931918954582,5.51177183023249e-05,6.06378196442784e-05,0.035817312439111
0.228557434331987,0.00380651599427846,0.000863445081228689,0.509662026463644,0.257110578128862
0.282927318342836,0.53042207059335,0.00019445805996502,0.00316228829004059,0.183293864713808
0.0709097257879232,0.0107334746203805,0.433281156042293,0.160498735454086,0.324576908095317
0.23276741686412,0.00145781279926484,0.649566205884821,0.0291637606746567,0.0870448037771376
0.0791051981520912,0.03056054768421,0.127737136947035,0.0896282676297376,0.672968849586926
0.0354610771025465,0.00977920644047453,0.0601389442378915,0.443246829553786,0.451373942665301
0.0319103603272449,0.236583126883361,0.00114939245820933,0.0754608852663796,0.654896235064806
0.269744996796525,0.0392188624513388,0.0566427089446855,0.124545514281681,0.509847917525769
0.382794635641328,0.000506861434047067,0.0608367347938162,0.448050809669621,0.107810958461188
0.419890915176725,0.000286985157076867,0.000797401210233748,0.514678617936881,0.0643460805190829
0.000253559593259413,0.526191594712249,0.419650404147337,0.000137618581754442,0.0537668229653998
7.79189325327906e-05,0.974327963678133,4.91659588609947e-05,3.21466898999751e-05,0.0255128047405732
0.00883342213923843,0.371166608446183,0.00118044728334014,0.0263987537479893,0.592420768383249
0.00831043986304735,9.47572399891261e-05,0.0495117162667673,0.913927067389773,0.0281560192404231
6.18482740862207e-05,0.977662628697329,4.16395461190581e-05,2.47332231854718e-05,0.0222091502592805
0.00657358579987242,0.0576259228055214,0.334202536382401,0.0231534706257674,0.578444484386438
6.72169536831499e-05,0.976314960609236,4.07478504304482e-05,2.76009354624252e-05,0.0235494736511882
0.0113649235630597,0.321455035625496,0.00158805614484364,0.0110745365041928,0.654517448162408
0.00563018982691805,0.367704354017462,0.160645650936665,0.00489073951830426,0.461129065700651
0.029418753447995,0.000937387952748382,0.000551528205836099,0.882287400749743,0.0868049296436778
0.0145695434100678,0.0645774306916385,0.149191716719479,0.462489678470779,0.309171630708035
0.169078381137457,0.0029710828248153,0.0010609568772194,0.611653726814241,0.215235852346268
0.201298395019393,0.00034897884992306,0.000665563836114574,0.728856112475411,0.0688309498191576
0.00011976504013067,0.966943173384002,5.54815439196182e-05,5.20920387805396e-05,0.0328294879931669
4.23136059418094e-05,0.981957802671496,3.20079454128095e-05,1.64255055939301e-05,0.0179514502715555
0.407697976101548,0.000289076631578341,0.123493373236605,0.389874624706287,0.0786449493239819
0.634843566389796,0.00784211808811289,0.000985049564596266,0.10368967917013,0.252639586787364
0.39379536642865,0.00621258537561828,0.00135328147375187,0.31019480381935,0.28844396290263
0.664220521506052,0.000162353571177232,0.000431895274838069,0.291508385174608,0.0436768444733252
0.664085229981969,6.86616311739297e-06,0.000215626520518975,0.326415026909659,0.00927725042473486
0.158067518552833,0.0238803961923982,0.432666133624985,0.0133008204178526,0.372085131211932
0.819118731497011,4.69960812089569e-05,0.000363210206298137,0.160126561492306,0.0203445007231757
0.412945244220108,0.00941054524879505,0.00175908335648211,0.212716182934438,0.363168944240176
0.135841974827635,0.000468841276619215,0.595983482921268,0.192780673272127,0.0749250277023512
